N,C,H,W,pad,fK,fH,fW,fRank,us
1,3,512,512,1,1,3,3,1, 45.5925
2,3,512,512,1,1,3,3,1, 95.3968
4,3,512,512,1,1,3,3,1, 183.373
8,3,512,512,1,1,3,3,1, 360.818
16,3,512,512,1,1,3,3,1, 713.959
32,3,512,512,1,1,3,3,1, 1417.64
64,3,512,512,1,1,3,3,1, 2341.15
128,3,512,512,1,1,3,3,1, 4441.95
1,3,512,512,1,1,3,3,2, 47.4975
2,3,512,512,1,1,3,3,2, 86.5947
4,3,512,512,1,1,3,3,2, 162.301
8,3,512,512,1,1,3,3,2, 317.379
16,3,512,512,1,1,3,3,2, 630.659
32,3,512,512,1,1,3,3,2, 1249.82
64,3,512,512,1,1,3,3,2, 2497.04
128,3,512,512,1,1,3,3,2, 4990.96
1,3,512,512,1,1,3,3,3, 48.7578
2,3,512,512,1,1,3,3,3, 88.5699
4,3,512,512,1,1,3,3,3, 165.225
8,3,512,512,1,1,3,3,3, 325.055
16,3,512,512,1,1,3,3,3, 644.618
32,3,512,512,1,1,3,3,3, 1286.24
64,3,512,512,1,1,3,3,3, 2567.28
128,3,512,512,1,1,3,3,3, 5135.57
1,3,512,512,1,1,3,3,4, 49.6007
2,3,512,512,1,1,3,3,4, 90.6642
4,3,512,512,1,1,3,3,4, 171.269
8,3,512,512,1,1,3,3,4, 336.912
16,3,512,512,1,1,3,3,4, 668.843
32,3,512,512,1,1,3,3,4, 1331.81
64,3,512,512,1,1,3,3,4, 2655.86
128,3,512,512,1,1,3,3,4, 5319.98
1,3,512,512,1,1,3,3,5, 52.5147
2,3,512,512,1,1,3,3,5, 94.3769
4,3,512,512,1,1,3,3,5, 181.959
8,3,512,512,1,1,3,3,5, 356.515
16,3,512,512,1,1,3,3,5, 708.074
32,3,512,512,1,1,3,3,5, 1408.41
64,3,512,512,1,1,3,3,5, 2806.43
128,3,512,512,1,1,3,3,5, 5612.88
1,3,512,512,1,1,3,3,6, 53.7906
2,3,512,512,1,1,3,3,6, 98.5995
4,3,512,512,1,1,3,3,6, 189.497
8,3,512,512,1,1,3,3,6, 374.954
16,3,512,512,1,1,3,3,6, 742.448
32,3,512,512,1,1,3,3,6, 1480.28
64,3,512,512,1,1,3,3,6, 2954.92
128,3,512,512,1,1,3,3,6, 5903.66
1,3,512,512,1,1,3,3,7, 52.9321
2,3,512,512,1,1,3,3,7, 96.3574
4,3,512,512,1,1,3,3,7, 185.478
8,3,512,512,1,1,3,3,7, 365.169
16,3,512,512,1,1,3,3,7, 725.196
32,3,512,512,1,1,3,3,7, 1446.02
64,3,512,512,1,1,3,3,7, 2883.36
128,3,512,512,1,1,3,3,7, 5763.45
1,3,512,512,1,1,3,3,8, 54.2386
2,3,512,512,1,1,3,3,8, 100.223
4,3,512,512,1,1,3,3,8, 193.12
8,3,512,512,1,1,3,3,8, 380.026
16,3,512,512,1,1,3,3,8, 756.283
32,3,512,512,1,1,3,3,8, 1508.1
64,3,512,512,1,1,3,3,8, 3008.42
128,3,512,512,1,1,3,3,8, 6019.08
1,3,512,512,1,1,3,3,9, 57.3249
2,3,512,512,1,1,3,3,9, 105.93
4,3,512,512,1,1,3,3,9, 205.165
8,3,512,512,1,1,3,3,9, 404.317
16,3,512,512,1,1,3,3,9, 804.845
32,3,512,512,1,1,3,3,9, 1604.57
64,3,512,512,1,1,3,3,9, 3202.53
128,3,512,512,1,1,3,3,9, 6400.33
1,3,512,512,1,1,3,3,10, 59.4682
2,3,512,512,1,1,3,3,10, 109.261
4,3,512,512,1,1,3,3,10, 211.209
8,3,512,512,1,1,3,3,10, 415.926
16,3,512,512,1,1,3,3,10, 826.703
32,3,512,512,1,1,3,3,10, 1646.41
64,3,512,512,1,1,3,3,10, 3284.06
128,3,512,512,1,1,3,3,10, 6563.62
1,3,512,512,1,1,3,3,11, 61.4509
2,3,512,512,1,1,3,3,11, 112.161
4,3,512,512,1,1,3,3,11, 215.764
8,3,512,512,1,1,3,3,11, 419.085
16,3,512,512,1,1,3,3,11, 829.975
32,3,512,512,1,1,3,3,11, 1649.88
64,3,512,512,1,1,3,3,11, 3288.84
128,3,512,512,1,1,3,3,11, 6570.81
1,3,512,512,1,1,3,3,12, 62.5314
2,3,512,512,1,1,3,3,12, 113.525
4,3,512,512,1,1,3,3,12, 217.479
8,3,512,512,1,1,3,3,12, 426.132
16,3,512,512,1,1,3,3,12, 843.878
32,3,512,512,1,1,3,3,12, 1680.17
64,3,512,512,1,1,3,3,12, 3349
128,3,512,512,1,1,3,3,12, 6689.85
1,3,512,512,1,1,3,3,13, 66.8453
2,3,512,512,1,1,3,3,13, 122.68
4,3,512,512,1,1,3,3,13, 235.362
8,3,512,512,1,1,3,3,13, 462.197
16,3,512,512,1,1,3,3,13, 916.002
32,3,512,512,1,1,3,3,13, 1814.4
64,3,512,512,1,1,3,3,13, 3617.68
128,3,512,512,1,1,3,3,13, 7223.65
1,3,512,512,1,1,3,3,14, 68.0293
2,3,512,512,1,1,3,3,14, 124.733
4,3,512,512,1,1,3,3,14, 238.673
8,3,512,512,1,1,3,3,14, 468.389
16,3,512,512,1,1,3,3,14, 928.691
32,3,512,512,1,1,3,3,14, 1847.33
64,3,512,512,1,1,3,3,14, 3684.5
128,3,512,512,1,1,3,3,14, 7364.33
1,3,512,512,1,1,3,3,15, 73.0145
2,3,512,512,1,1,3,3,15, 134.4
4,3,512,512,1,1,3,3,15, 258.265
8,3,512,512,1,1,3,3,15, 506.966
16,3,512,512,1,1,3,3,15, 1005.49
32,3,512,512,1,1,3,3,15, 1992.58
64,3,512,512,1,1,3,3,15, 3965.54
128,3,512,512,1,1,3,3,15, 7921.32
1,3,512,512,1,1,3,3,16, 73.3277
2,3,512,512,1,1,3,3,16, 134.401
4,3,512,512,1,1,3,3,16, 258.201
8,3,512,512,1,1,3,3,16, 507.15
16,3,512,512,1,1,3,3,16, 1006.39
32,3,512,512,1,1,3,3,16, 2002.89
64,3,512,512,1,1,3,3,16, 3994.81
128,3,512,512,1,1,3,3,16, 7979.35
